2.1434
4.1146
3.0566
3.8047
1.3554
2.1481
3.5681
4.0964
2.8149
3.7338
3.2029
3.9695
2.6062
1.0215
4.2994
3.0815
4.0064
3.9787
4.0435
1.7999
4.3233
4.5859
4.9261
4.1376
4.865
2.6153
2.7015
3.477
3.9651
4.2878
4.3594
4.1924
3.361
3.0355
4.2362
4.8745
3.5501
3.7611
3.4828
4.4757
2.6197
4.5477
4.2022
2.5853
2.9884
3.8256
3.5206
1.6773
1.6087
3.7671
2.6694
4.3424
4.9906
4.1686
4.2485
4.2239
1.3328
4.7828
3.1545
4.2126
4.0825
3.7784
4.1283
4.0094
2.8621
3.3843
3.6543
3.6358
4.3751
3.5909
4.0623
2.5169
3.2591
3.9939
4.4728
3.2669
4.2915
4.2321
4.2266
3.6428
3.0933
4.5805
3.3443
4.5008
3.7041
3.3917
3.5714
4.8379
4.5056
3.1864
3.4945
3.3388
4.2074
3.051
4.7797
3.8115
3.6394
4.5408
4.407
3.7959
0.28537
1.7871
4.3134
4.2044
3.7386
3.498
3.1414
4.038
3.816
3.4028
4.3108
4.2453
3.6055
3.8234
3.2399
4.0723
1.275
3.3019
4.5645
3.3514
2.2704
3.6711
2.4143
3.6018
3.0421
3.1299
2.9889
2.9926
3.5762
4.2938
3.9693
3.5218
4.411
4.0211
3.8446
3.7978
4.4415
3.8925
1.0644
4.2347
2.8962
4.4397
4.3435
4.0837
3.6015
2.6251
3.1406
4.8138
3.3139
4.7021
4.4879
3.6579
3.4411
3.4718
4.8163
2.6176
3.0602
3.9737
3.3176
3.6566
4.3911
2.0914
3.7977
4.4187
4.4572
3.2862
2.8368
3.88
4.1043
2.85
4.0267
3.3585
0.94604
3.989
3.6466
2.7463
4.5969
3.7778
3.1204
3.9099
4.1024
5.0507
4.0099
3.2544
3.7402
3.3453
0.76227
3.7984
2.4243
2.1076
4.1554
4.5122
3.6338
3.3555
4.4003
3.7077
4.3696
4.647
3.2976
4.4537
2.1067
2.0712
1.0384
4.7344
4.9574
2.9798
3.8826
3.1029
1.1714
1.7677
4.8035
3.3969
3.0971
4.3402
2.8985
2.8302
4.1091
2.5655
4.5117
4.848
4.1488
4.1748
4.666
4.6619
3.5637
5.1028
3.207
5.2791
2.8526
4.9289
4.213
1.8013
3.9998
3.3161
2.8048
4.5091
2.7414
4.6441
3.6726
5.0203
2.9658
4.101
4.6527
3.7393
4.1834
2.9394
3.6504
4.5521
4.8022
3.6624
3.7792
4.4531
4.8889
4.7266
1.8342
3.4719
4.9508
3.4023
4.3007
3.7064
3.8871
4.0913
2.8333
4.4859
4.1938
3.8564
3.4447
3.8602
3.8465
2.6746
4.3397
5.0925
3.9753
3.8486
2.7709
2.8299
3.0707
3.0558
4.7413
4.6831
3.7389
4.0979
4.3055
3.72
3.2363
3.8737
4.2269
3.8137
3.4162
4.875
2.9709
4.6543
4.8693
2.3378
4.0706
3.343
3.1315
4.1253
3.1304
2.4736
3.207
4.7251
4.3381
4.8058
4.1302
1.294
1.1822
3.4969
2.5129
3.8851
1.7512
4.8679
1.9554
4.2753
2.5187
4.5385
2.7005
3.943
3.3738
2.4503
0.93877
4.4309
3.8502
4.3732
3.9613
4.1547
3.1614
4.076
1.2366
2.8782
2.9235
2.5951
3.2482
3.4962
3.7413
4.2217
2.8444
4.7464
4.1188
5.0574
4.9685
2.268
3.2519
4.8168
2.9989
3.6594
4.1628
1.2735
4.4381
4.6987
4.0394
3.9407
4.1171
2.1667
3.835
4.7366
3.5332
4.5574
3.8027
2.7543
4.2767
5.1504
4.0254
5.0104
1.7813
3.2897
3.8426
4.854
3.8828
3.2618
4.1364
3.1874
4.7495
3.6853
2.3145
2.832
1.3649
4.5481
2.6187
3.6505
4.2006
3.7177
4.6111
3.7148
4.7645
3.9635
0.82495
3.9006
2.999
2.0174
1.0996
2.1456
4.0721
3.2882
4.2384
3.873
3.7878
2.9117
2.5959
1.1808
3.7571
4.8796
3.769
4.7043
4.62
4.0765
2.6399
2.6556
4.0834
3.3008
3.8955
3.9551
3.3511
3.7408
4.0947
3.7222
3.1749
3.5518
3.9726
3.9838
4.3605
4.6566
2.9644
3.2608
3.8708
3.8207
4.0748
2.4369
2.8052
3.8722
3.0016
4.4197
4.1489
3.7993
3.7747
4.345
3.5908
4.9445
3.1798
4.0383
4.3071
2.5797
3.5715
2.0753
2.6065
3.3876
2.4099
4.018
4.3316
3.6376
1.9119
4.3759
3.5175
1.1458
2.7436
2.2557
4.1331
4.4015
2.4506
3.9125
3.8663
4.3544
4.2812
3.7885
2.5049
3.3168
4.5532
3.846
4.0113
3.7189
4.6819
4.4954
2.1547
2.5758
4.2185
3.9531
2.974
4.4587
3.8795
3.879
3.0804
4.8188
3.0941
3.5952
4.3416
4.1624
4.5947
3.656
4.1115
4.0454
4.5951
4.4566
4.443
4.0661
4.4579
3.0389
4.3418
3.7741
3.1484
4.1775
3.4808
1.899
3.9857
3.2407
2.8335
3.4164
3.421
3.7573
3.7417
2.8347
3.7823
3.9296
3.9576
4.5403
4.9121
4.8202
4.4469
3.1932
3.0651
3.995
2.8912
3.7088
3.1798
3.7157
4.259
1.0549
5.0677
3.613
4.7704
4.0139
4.5767
4.1185
2.0118
4.2383
2.5405
4.438
3.3165
3.3354
4.6595
3.8924
4.7526
4.0451
4.4937
4.5224
4.4458
2.1166
4.2621
3.4061
3.4463
4.2045
1.8543
2.5375
2.7356
4.1428
2.6996
3.1505
3.3801
2.7448
4.4597
3.8661
3.5152
4.1621
3.848
2.751
3.4307
2.8953
3.3996
3.993
3.416
3.1004
4.4091
3.7928
3.5396
3.9415
3.4538
1.9243
4.0029
2.2311
4.1371
4.5943
3.6763
4.4636
3.3176
1.5861
2.9103
4.8028
4.0026
4.0494
4.7415
4.1248
4.917
3.6434
4.0491
2.4185
2.8379
3.188
1.0203
3.6992
2.3295
3.8171
3.9648
2.8057
4.7929
1.9654
5.0614
4.1368
3.9153
4.4636
2.7292
3.466
3.8358
3.3612
4.7796
3.5574
3.6863
4.5618
4.546
4.371
3.9784
2.9281
3.9148
2.2358
3.7376
3.711
1.9187
2.6138
4.1222
4.3689
3.5436
3.7817
1.2569
2.1255
3.7017
3.4243
4.1629
3.1078
3.417
4.757
3.5698
3.824
4.8486
4.0505
4.4403
3.708
4.2119
2.6297
4.1969
3.337
3.9509
3.817
3.7886
3.3554
4.1901
3.3088
3.7979
4.3118
4.5736
3.5797
3.2836
4.3984
4.0836
4.3482
3.204
3.1893
2.3715
3.9668
3.5152
4.434
3.3562
3.1833
4.3272
3.1952
4.2889
4.7052
2.9833
4.1629
4.1942
4.1923
3.0198
4.3406
3.0389
3.7384
2.9968
4.243
4.258
2.8993
3.4131
4.192
1.905
4.661
2.0595
4.8838
4.0675
1.2002
3.3455
4.0056
3.8018
4.4049
3.9789
4.2799
1.1219
3.4644
4.6818
2.8924
4.0888
3.7066
3.6959
4.3915
3.8087
3.5679
3.1664
3.9923
4.0933
3.0393
2.7326
2.9081
4.3739
4.1045
3.9893
4.7658
4.7266
3.6075
3.8984
4.0777
3.8843
3.6847
4.6949
4.3593
2.7639
5.2508
4.9229
4.4202
3.8062
3.4298
4.0586
3.8043
4.9478
4.4747
4.1372
3.9599
2.5753
4.5696
3.9865
3.5812
4.3544
3.1881
4.1471
1.5849
3.7522
3.6791
4.6907
2.6882
1.3847
0.50626
4.9478
3.5156
3.7531
4.0611
3.5691
2.9427
4.2751
3.4009
4.8732
5.0776
4.2739
4.2071
3.1761
4.7383
4.0383
3.6831
1.6803
4.6303
3.5089
2.6066
4.209
4.192
2.1574
3.1665
3.5927
3.0128
4.807
4.4611
4.1253
2.2415
4.8961
3.0919
2.2279
3.7715
3.3071
3.1749
2.9573
3.5512
4.5432
4.4643
4.4556
4.8019
3.8388
4.1861
3.3781
3.3056
4.2
4.7726
4.1178
2.3136
3.0635
4.0975
3.234
5.3631
3.8713
4.1693
4.2122
1.8402
4.7737
2.6585
4.0054
3.1219
3.8909
4.8504
4.2348
3.4615
2.9179
3.9591
3.9615
2.5849
4.1245
4.7826
2.0581
4.2469
2.0479
3.3329
3.5635
3.8106
4.7401
4.5353
4.3438
3.2632
3.0435
3.8426
4.4243
4.9017
4.1453
1.741
3.8621
3.5179
2.5117
3.791
4.4616
3.5683
3.624
3.2494
4.1873
2.6265
3.6597
4.6082
3.3777
4.532
4.3284
3.934
3.3037
4.4258
4.3121
4.5176
1.4205
4.8022
3.6858
3.9928
3.8644
3.903
4.0285
3.4026
3.6436
3.3163
4.381
4.6287
3.5121
3.3269
3.9514
4.337
4.7293
4.1384
1.8791
4.5173
3.0343
4.7283
4.8524
4.5967
4.4636
3.9488
4.0736
4.4578
4.5337
4.239
3.813
3.4699
4.5221
4.4953
3.4597
3.806
4.4628
3.5689
3.869
4.8298
4.179
3.826
3.1536
1.6534
3.2459
3.2972
4.6961
4.1478
3.4703
2.8552
0.7488
3.9687
4.0925
4.5395
4.0914
2.9413
4.2664
2.2409
4.0082
4.3624
2.4498
3.8763
3.8124
4.149
4.2749
3.3194
3.6526
3.7375
3.859
2.8836
2.718
4.2198
4.6525
2.7274
4.6528
4.6404
4.381
3.4439
3.6084
2.0119
3.1131
3.9267
1.9225
4.3562
4.2207
4.5832
3.8626
2.438
3.8491
3.901
4.8682
4.696
4.103
2.6909
1.4621
3.6264
3.4351
2.0705
3.9571
4.8295
4.0734
0.64235
5.1699
2.6567
4.2136
4.4351
2.8031
2.1722
3.455
2.5442
3.4718
3.915
3.5736
3.4352
3.0875
4.0696
4.8168
3.354
3.987
4.4233
3.6803
3.2224
3.1932
3.7787
2.4226
4.5035
3.7016
3.9827
4.4921
3.9599
2.6578
4.1945
4.5189
3.5641
4.153
4.7235
4.5996
3.7904
4.8478
4.8348
3.6647
2.8498
1.4108
3.9635
4.5357
2.5805
4.0191
4.4814
3.4529
4.3218
2.4979
4.5821
3.4729
4.8566
4.6514
1.5702
3.9318
3.1961
3.1417
4.0925
3.4271
3.972
4.0279
4.4662
5.1154
4.3015
4.092
1.6984
4.325
3.9747
3.6134
3.8252
3.8352
4.2458
1.5915
3.1379
5.112
4.7903
3.8341
3.7871
2.5921
4.3678
4.1885
3.7465
1.0713
3.6376
2.4194
3.7724
2.92
1.1136
2.5706
4.7419
4.1218
2.6193
3.8647
3.5417
3.6035
3.5439
4.3147
1.6679
3.3257
2.8845
3.5403
3.7089
4.3669
4.5361
4.0225
1.1327
1.7012
4.9685
1.898
3.0288
1.0436
4.5901
3.3786
3.7345
3.6286
4.4968
3.5311
4.0115
3.836
3.1984
3.3805
0.84925
4.9433
5.0264
4.0563
1.3737
3.7706
1.1686
4.1976
2.4769
4.8035
3.7566
3.3578
4.4071
3.7526
3.2313
4.0202
4.5005
3.3996
4.5031
3.4796
4.1836
3.8856
4.6911
3.517
2.5561
3.5425
3.9118
5.0921
2.9573
4.0457
3.4189
3.9259
2.8995
3.3711
4.898
3.3049
4.1185
0.85846
3.9845
4.8071
4.4119
4.2188
3.5446
3.6572
2.1689
2.1811
2.3814
2.2764
2.3439
4.1986
3.38
4.9522
2.9058
3.0748
3.0412
3.8839
4.2918
4.5465
4.289
4.0936
4.5013
3.1093
3.8003
3.5439
3.3549
2.4091
3.4079
3.8791
1.4304
4.5892
3.0144
2.8413
4.1362
3.9021
4.3392
4.1217
4.0919
4.1139
4.0363
3.5054
4.6238
4.9427
1.7779
2.8118
4.2826
4.789
3.9763
3.7871
4.6688
4.6762
4.015
3.5574
2.285
3.3596
4.5089
3.8363
3.7668
1.4614
3.6675
4.1151
4.6611
3.7484
4.1742
4.4868
3.7299
2.5808
3.9758
3.0856
4.0893
4.8896
4.1599
4.5504
4.3854
3.1985
4.2346
3.8707
0.5614
4.8167
4.5241
3.8642
3.8283
4.3915
3.3612
3.0208
4.5511
3.821
3.9263
4.522
4.0475
4.1569
3.7943
4.2436
4.7033
0.94923
2.8958
4.8639
2.7668
3.1438
1.5077
2.2777
3.8425
4.9132
4.6088
4.5604
3.181
4.4285
3.8127
3.6225
3.168
4.0285
4.4509
4.156
1.2518
2.6566
4.8871
4.7748
3.52
2.8053
4.6589
3.9063
2.6448
3.2622
4.156
2.4796
4.5496
3.8143
3.6869
3.4869
3.3295
3.817
4.6023
4.305
3.8026
1.2659
3.7829
4.2114
3.6307
4.6631
3.8313
1.6501
3.8836
4.1665
3.6387
4.5663
3.4288
2.3797
3.6375
2.3427
3.6238
4.3236
4.1959
2.9168
3.9964
4.2154
3.1051
4.2951
2.4169
4.3327
5.2905
4.0334
3.9274
3.5067
3.0687
4.1509
3.0341
3.29
4.4716
2.4368
4.547
4.8466
4.9447
2.4831
1.6954
4.1549
5.1886
3.4659
3.7316
4.139
4.1284
4.8147
2.7092
2.8999
3.6143
3.7105
2.8277
4.0677
1.5436
2.1025
3.5731
3.7896
1.7439
4.6047
3.452
4.7822
1.7266
3.7832
2.187
3.3563
4.6768
4.1312
4.7968
4.2256
3.75
4.5853
3.9829
3.2467
4.7963
1.6647
3.8729
0.44084
3.9814
4.5637
4.4055
3.0671
4.1692
4.1461
4.092
3.6447
4.456
3.573
4.3082
4.2384
4.5494
3.2469
3.7458
4.5438
4.1178
3.7404
3.4419
1.5125
3.2296
2.8375
4.7604
2.4388
3.5197
3.8875
4.1332
2.8326
1.3401
4.1913
3.8397
4.4311
3.0581
3.8291
4.4791
2.6119
3.3937
3.6249
4.3289
4.5055
1.2093
3.3446
3.886
3.4234
3.2092
4.007
4.6525
4.6875
4.973
4.9276
4.0855
4.7907
3.8769
4.0888
2.8897
3.6626
4.1431
3.5161
2.4717
5.0912
4.1553
1.124
4.1092
2.9515
4.7495
3.8329
3.9537
1.3125
4.3593
2.3614
4.1638
3.0247
3.7251
2.9542
1.4961
4.1606
2.9203
5.1811
3.6751
3.9532
2.2249
0.20323
4.8677
3.7276
3.9294
3.6749
5.1263
3.0895
1.0649
4.0197
1.4731
4.3107
3.4675
1.6333
3.9494
2.9175
2.5019
4.0853
3.6806
4.9294
4.2356
3.8696
4.0489
2.5628
4.1041
3.6273
3.8824
3.7108
3.8116
4.0728
3.9177
3.6902
4.3974
3.059
3.225
2.0671
3.5268
4.3784
3.6636
4.1202
4.1298
4.8178
3.8179
2.9556
4.0384
2.5364
4.4581
4.2274
3.811
2.8065
4.6589
4.5907
3.3327
3.7584
4.3015
1.0811
3.7305
4.4799
3.787
3.3886
4.1009
2.9748
3.2471
3.6312
3.4099
4.363
4.4712
4.5403
4.5991
3.019
3.5373
3.9003
4.7091
3.7457
3.8683
4.065
3.9367
3.6925
4.0471
4.4798
3.9063
3.786
3.3553
4.5183
4.1833
4.7845
3.7156
1.901
3.6841
3.8433
4.1898
3.3112
3.204
4.2164
4.3403
3.4346
0.89622
4.4975
3.7094
4.8069
4.7841
3.5309
4.9054
3.4549
4.0101
4.3951
4.5982
1.0845
4.6812
4.1299
2.8628
4.1189
3.5361
3.9618
4.2364
4.1954
3.1129
4.9023
4.3919
4.43
4.3458
4.1029
3.5635
4.6415
4.451
5.2417
2.7411
4.2444
3.3418
4.2667
4.5885
4.3819
3.3204
3.4187
4.0396
3.445
4.1824
4.6816
2.9305
4.6107
2.4787
1.6481
4.8572
2.9486
1.8738
1.2212
4.5575
4.4949
4.3418
2.6362
3.8541
3.4861
4.6816
4.6268
4.2855
4.4757
4.8412
4.004
3.3913
2.3002
1.9536
2.4969
4.146
3.64
4.7964
2.8687
4.6141
4.137
2.124
2.7838
1.3687
3.2706
4.6389
2.5106
4.6622
3.9001
3.8062
2.8292
3.7962
4.8224
3.6481
4.0911
3.5941
4.5024
2.9785
2.2787
4.1087
4.5396
3.5635
3.5851
4.1525
1.2344
3.2473
3.9218
1.1672
2.085
4.4495
4.1337
3.612
3.8032
3.6706
4.5644
4.6736
3.5863
4.0546
3.9087
4.143
2.329
3.5643
4.1396
3.9423
4.535
4.2288
3.2446
2.6102
2.7774
4.8976
4.0951
4.405
4.4226
2.4528
3.3438
4.1523
1.7831
4.9832
4.8485
3.9923
4.949
4.9472
1.8637
2.4582
4.7904
4.2431
3.7982
3.632
4.2096
4.4631
3.5032
4.4101
3.1149
1.3746
4.3533
3.9372
1.1763
1.5287
3.9399
3.2867
3.7371
4.1789
4.2904
4.3999
3.2293
3.6636
0.26125
2.8652
0.73227
3.6161
4.1221
4.248
4.1089
4.4227
4.5382
3.9165
4.6393
3.7164
3.409
3.0801
4.352
3.8315
4.0416
2.2128
4.6602
3.2009
3.6795
4.3705
4.6196
3.9689
3.4669
4.6506
1.4018
4.8
4.6819
3.3834
4.5332
4.223
4.7373
3.7925
3.8707
4.5861
4.0068
4.3512
3.859
2.6535
2.8393
4.9423
3.284
4.2795
2.7007
4.1045
4.9746
4.2624
2.6831
3.7247
5.0347
4.1108
4.285
1.058
2.9467
4.1343
3.6475
4.4473
4.275
4.274
3.7237
5.1572
3.9319
4.4587
3.7273
4.2042
2.7114
3.5949
4.1148
4.6081
3.9912
3.6996
4.4674
3.9846
2.7361
2.7022
4.378
3.7522
2.8134
2.8362
4.1821
3.5234
1.5657
4.166
4.9986
4.8664
4.2398
2.8969
4.2438
4.852
2.9862
3.7829
3.9629
4.0345
3.7046
3.2551
3.8769
3.7916
3.4194
4.913
3.9942
2.9397
2.2899
4.2209
2.1204
4.146
3.4504
3.4788
2.9841
4.6537
3.6315
5.0155
2.7629
3.7752
0.52498
3.9387
4.2989
3.7981
3.5844
3.3045
4.5887
3.9605
3.9857
3.5657
4.1508
4.9769
4.0629
3.796
3.9016
3.7152
3.4146
4.3562
3.0231
0.38784
3.4174
4.2879
4.2029
3.058
3.7649
5.1921
4.1639
4.6735
3.812
2.7717
3.6655
2.226
4.8778
3.846
4.6317
2.6405
4.7318
4.4078
3.253
3.7867
3.4851
3.1775
4.1857
3.9805
4.7309
4.4326
4.3389
3.6634
3.7093
3.4316
3.4324
4.3363
3.0379
2.1925
4.6197
3.7367
3.6759
4.9166
4.8739
3.4722
3.2118
4.5998
3.6978
3.6081
1.4016
3.1609
3.4759
4.4865
3.848
2.9449
4.0004
1.8588
1.342
1.4848
4.2628
4.2877
4.2674
3.7007
3.5826
2.9896
3.5428
3.638
4.3
4.1441
4.2745
2.9681
3.6095
3.4146
2.7665
2.7785
4.1377
4.2825
3.7319
4.1164
0.77552
3.4567
2.2367
3.8789
4.5035
3.6777
2.9781
3.9372
3.4221
4.8791
3.6517
5.0895
4.3687
4.4914
4.0264
4.7702
3.9422
3.9302
3.956
4.4008
4.433
2.8481
4.3305
4.7783
3.6807
4.7302
2.816
2.588
3.9829
3.8741
3.437
3.0262
3.8234
4.1295
2.7917
2.3724
3.7514
4.7975
4.2793
3.9985
3.8139
4.7281
3.9741
2.9429
1.8582
4.0605
2.9791
3.1729
3.3684
3.6501
3.6478
4.5228
3.6939
5.1737
3.9492
1.3681
3.8264
4.2662
4.9951
2.9078
4.1745
3.0456
4.9098
4.458
3.9001
4.3462
1.7206
4.8798
3.5496
2.0674
1.5764
4.9704
4.1687
3.649
3.2769
4.4056
4.8134
3.1994
4.7127
3.9029
3.3304
4.8522
3.9382
3.6738
3.6676
3.9639
4.6615
4.7657
2.7724
3.2966
4.2594
2.4869
4.5256
4.2109
3.3917
1.8213
4.413
4.2932
4.5499
4.1482
4.5434
4.8886
3.6568
4.6805
4.2951
4.0055
1.4232
3.5015
4.2068
4.9621
4.7116
2.8484
3.4446
2.8032
2.3313
4.5976
4.5222
2.6279
4.0539
4.8886
3.3867
2.4011
2.1742
4.1826
2.7151
3.9578
2.2138
4.5195
4.1085
4.3742
3.6783
3.1521
3.7912
3.125
4.7198
4.2718
1.604
2.798
4.3359
4.5315
3.0996
3.0088
3.7628
4.9112
4.3602
4.9872
4.3254
4.3113
5.3557
2.207
4.6102
2.7845
3.298
3.9731
2.642
3.1769
4.8782
4.0657
2.8777
4.672
4.6129
3.8274
3.1289
4.7382
3.6992
3.442
3.3038
3.9895
4.438
5.0698
4.6881
2.7201
2.729
3.9187
3.8362
3.2847
4.0328
5.0564
1.3118
3.4506
2.3356
0.95994
4.0133
2.9751
4.7014
1.849
4.3717
4.2862
4.3247
3.2775
3.0261
2.8952
3.6017
4.4286
3.3414
1.2468
1.9006
3.1007
0.83524
4.2347
2.3454
3.8145
3.3629
4.5168
3.3374
2.8063
4.1977
4.8349
4.2791
3.4743
4.0788
2.7995
4.728
4.0892
4.6131
4.9197
2.8815
3.9327
3.6554
4.6701
3.9945
5.4109
3.9613
1.5427
4.1906
0.73927
3.3927
4.327
3.5769
3.5264
1.5946
4.1515
3.1783
3.2448
4.5152
4.4668
4.2397
1.951
3.305
3.9804
0.25721
3.1547
4.439
3.1054
2.0366
4.1857
1.2312
4.6842
4.3833
4.4164
4.4286
1.1053
4.34
4.6128
2.8069
3.6537
4.8132
4.0207
4.5227
2.9205
4.3831
2.6535
3.7646
3.7634
4.1209
4.6458
4.2177
4.1666
1.5299
3.6896
2.1162
3.073
2.6678
4.2719
3.7777
3.9001
4.0427
4.7944
3.7905
4.4928
2.6245
4.0014
3.7887
0.95138
4.7432
3.8799
4.4115
3.9787
1.9115
3.8532
3.2221
3.8284
4.2809
3.7982
4.0033
3.8657
4.7264
4.0524
2.6935
4.2294
3.2313
2.4547
4.5546
3.9933
3.1034
2.582
2.1855
3.4213
3.5006
4.5348
3.8388
3.8843
4.0989
3.5143
4.5312
1.3618
4.5376
3.8577
3.537
2.9286
4.4529
4.5008
4.095
5.191
4.9808
0.85707
0.83035
1.3908
4.0571
1.7063
3.8059
3.9983
4.4833
3.3988
2.804
3.6923
3.0837
1.0158
4.2184
4.1891
2.4761
3.1817
4.9647
0.72291
4.8923
4.6888
0.47877
4.2064
4.1622
4.8877
4.3325
5.0389
4.7898
3.8823
3.9002
4.1212
3.836
3.5997
2.4164
3.9602
3.8729
4.5431
4.4474
3.5861
3.9233
4.4374
4.2423
4.0446
3.528
4.3889
4.2531
2.294
4.1362
4.4148
3.0528
4.3776
4.6919
3.6943
4.51
2.9933
4.9495
2.7123
3.9102
4.1687
4.4127
4.1429
3.8038
2.9385
1.9227
0.016798
4.1859
5.1577
2.9482
2.278
3.775
3.9081
3.3935
3.6084
2.2302
3.5613
4.3125
4.3507
3.9409
4.0876
3.881
3.4892
2.5208
4.2719
3.1114
1.3217
3.0508
5.2013
3.8579
4.0449
4.2566
3.9614
2.1568
2.0035
3.3806
4.1123
1.8983
4.4407
4.7715
3.967
3.6805
5.008
3.5184
4.2174
3.7898
4.7997
3.8418
3.9605
3.3654
2.6507
4.6938
3.596
3.6107
4.0237
3.9801
5.0023
3.0282
3.8001
4.1269
1.6988
4.0472
4.6265
4.4974
4.4112
3.5784
3.649
3.1618
4.2311
4.2375
4.4264
4.9314
3.9206
4.3017
4.3623
4.5088
4.429
3.4124
3.7103
2.576
2.3574
3.3819
4.4393
4.6266
4.5441
3.4945
4.1428
3.586
3.8659
3.779
4.149
3.075
1.0393
2.6917
3.6591
3.6487
4.1501
2.4485
2.5795
1.4456
4.2809
3.884
4.0437
4.9028
3.7773
3.8083
1.8747
3.1126
3.1902
2.7133
2.9051
4.5249
2.0081
4.6366
3.6706
3.1561
4.6118
3.5275
3.682
4.2564
3.5382
3.6106
3.9304
4.0736
3.4878
3.9721
4.2775
4.1666
1.8927
4.2415
4.149
3.5391
4.0333
3.9242
3.9055
2.9698
4.0439
4.6157
3.6801
2.3615
2.666
3.9071
4.8456
3.3597
4.186
0.94944
4.1713
3.7932
3.8948
3.5354
4.511
5.1285
2.7387
4.0219
3.0788
4.5531
4.1652
1.0985
3.5876
2.7978
4.3561
4.9432
3.4929
2.7435
3.4127
3.8703
2.8406
2.786
3.9988
4.0754
1.2251
4.5184
3.7076
2.761
3.0299
3.7427
4.0797
3.7902
4.6349
3.884
4.4089
2.8005
3.7301
3.9704
3.9424
3.7691
1.8766
3.6604
4.0882
3.5944
3.0221
3.6568
3.7854
4.5905
4.9642
3.8472
1.1655
3.841
4.4422
4.3823
3.6446
3.865
2.3571
1.5138
3.8756
4.4015
3.3897
4.0974
3.8062
4.2023
4.3844
4.0596
3.7261
4.0964
2.9032
3.6417
3.7295
3.8295
3.5593
4.1873
1.4585
4.6318
1.294
4.6341
3.9477
5.0505
1.3767
3.7161
3.804
2.9108
4.2504
2.2653
4.0596
4.277
3.972
3.6337
4.2519
3.5572
4.4127
3.6321
2.8053
3.7857
3.9536
2.9175
4.2596
2.5705
3.6563
2.2253
3.8509
3.5692
4.2882
3.9733
0.035799
3.7178
2.9574
3.725
3.6417
3.5694
3.0893
4.2512
4.7571
4.4434
3.8181
3.3536
4.6921
4.556
4.7544
2.7103
2.6494
5.1057
2.7293
2.8707
3.928
2.4949
4.4734
3.8282
4.6192
4.0381
1.578
1.2366
4.1385
4.8098
4.1543
1.3243
4.4554
4.3852
4.3768
2.9454
3.9823
2.7342
2.2141
4.2573
4.5441
4.1184
2.9117
5.0995
3.5602
4.0545
4.3031
4.782
3.3134
3.4863
2.6288
3.9339
3.77
4.1033
3.2981
3.1144
2.6125
3.8506
3.3949
2.1267
2.6168
4.2134
4.0051
1.4069
3.2057
4.2681
4.5445
4.6098
5.0318
4.882
3.5222
3.8244
3.1731
3.2069
1.2124
4.1248
4.1163
3.6851
0.36516
4.1465
4.8713
1.0285
3.4532
2.8755
4.9924
2.8933
4.4018
2.6363
3.5212
4.055
4.6545
2.2166
3.7784
2.7816
3.817
2.2051
3.9514
4.0418
4.2673
3.7736
4.215
3.5112
5.2109
2.0702
4.703
4.3036
2.3263
3.9538
3.2569
3.4021
4.0673
3.919
4.556
3.7672
3.3865
3.5587
4.5247
4.2594
3.1671
4.4637
2.8043
3.6565
3.442
3.4391
3.0975
2.5132
4.5046
1.0567
3.2141
4.314
2.5962
3.5141
0.82641
4.7429
1.4421
3.0104
4.7634
4.0254
4.1159
4.3263
2.3903
3.8351
2.8147
3.8349
3.833
3.8405
3.6849
2.9766
2.9491
3.8823
3.2712
3.6853
0.80511
3.2342
2.2591
4.4332
0.56534
4.4011
2.1119
3.4796
3.5674
4.8146
4.9591
4.1364
1.4602
3.8936
1.9437
2.7103
1.2309
3.9063
4.4258
3.0995
3.7869
3.488
4.4911
4.7348
3.8311
3.6635
4.3575
4.177
4.6116
1.7639
4.4942
4.397
1.5694
4.4508
3.1094
4.1854
4.7075
4.0157
4.1034
4.2611
3.8264
4.0982
4.9802
4.0658
3.1039
3.9847
4.0981
3.3124
3.8589
3.255
1.8176
4.4807
3.8036
4.5412
4.1401
3.8397
3.911
4.0161
4.6005
3.7977
2.7075
3.9576
4.7337
4.0217
1.4882
4.2781
4.1519
4.3422
4.5952
1.0309
4.554
0.87988
3.9528
4.177
3.6503
4.5799
4.6311
1.8939
4.3647
4.5939
4.6888
5.2629
2.4692
2.5066
3.258
4.3769
4.676
4.2484
4.0317
4.5095
3.8769
4.011
2.1903
4.5034
3.9798
2.3208
3.8902
4.6722
4.0979
4.1015
3.7985
3.7674
3.4909
4.3174
4.5926
3.8674
4.9674
3.7337
4.1418
2.4269
4.8916
4.6454
1.2497
4.1859
4.1347
3.9892
3.6905
4.6287
3.4236
3.5172
3.5404
3.7366
1.874
2.7204
4.3351
4.1843
4.576
3.0091
2.2121
3.5701
4.003
3.0156
3.9803
3.189
4.3964
4.3797
4.3031
1.7298
3.2147
4.062
3.4262
2.8355
1.9114
1.025
3.9788
3.4041
2.6811
5.0226
3.5073
4.8113
3.4964
4.9931
3.5485
5.0477
3.4646
3.1907
3.424
4.4983
4.481
5.2315
2.8078
4.0771
2.587
2.4916
3.7039
4.5625
4.6614
4.16
4.1536
3.5301
3.814
3.8031
3.0083
4.0739
4.449
4.0833
3.8577
3.3799
4.3517
4.5001
1.6968
4.1355
4.053
3.3554
1.4537
4.4841
1.2607
3.9856
3.5862
3.6898
2.3483
4.4958
3.7508
2.8525
4.3462
3.6307
3.639
1.3368
3.2928
3.1969
4.3411
4.5261
4.3443
4.7015
4.7919
4.5103
3.5009
4.5818
0.74277
3.5494
1.7362
4.3935
1.812
4.5419
2.8771
4.05
4.4721
4.4484
3.5496
0.8388
5.2506
4.1962
4.7334
4.7013
4.6005
0.14515
3.0743
4.6426
4.9748
5.472
4.4882
3.6904
4.3617
4.8763
3.7739
4.521
4.6073
3.9701
4.2936
3.7599
3.0101
4.4583
4.6388
4.2413
2.4001
2.8239
3.7547
3.9579
3.2989
0.40305
4.1086
4.0512
4.0701
3.2052
4.3247
4.0422
1.545
4.0006
3.777
3.9436
4.1251
4.5861
1.9997
4.127
3.0032
3.5759
4.487
4.4972
4.169
3.2467
3.9738
3.7655
3.1546
3.9601
3.5637
3.7905
1.887
3.1527
4.3764
4.4022
3.7985
2.9583
4.3868
4.4005
3.0533
3.8583
4.331
2.3585
1.877
2.5469
2.4817
1.1314
4.872
3.9605
4.3132
1.2455
4.6501
4.1627
2.6198
4.4205
2.9802
3.5925
3.992
4.6916
4.3342
3.0159
4.8655
2.7737
4.4134
3.5356
4.3225
4.789
4.2971
3.851
3.2473
4.2709
2.3374
4.5098
1.4416
4.5566
2.5009
2.6892
4.3048
4.1865
2.8502
2.3296
4.0882
2.93
4.588
4.1869
4.607
4.6527
2.7623
3.0478
1.8515
2.9465
2.6803
3.8108
1.9439
4.4815
3.9202
2.0794
4.6309
2.9783
4.8837
3.2172
2.9092
4.1073
3.1045
4.001
2.8465
3.6149
3.8239
4.6692
2.8758
4.1623
4.5948
4.03
2.6919
4.5982
3.5062
4.4865
3.419
3.9853
3.3616
2.3762
4.8206
5.0134
2.9474
3.6273
4.3905
4.276
4.0776
4.5118
4.5947
4.7452
3.5087
4.1618
3.9813
2.833
3.2365
4.0137
4.7128
4.907
5.3123
3.9098
4.0357
2.6491
4.4813
4.6307
4.4654
3.3217
4.7577
2.5156
3.2197
4.0583
3.5751
4.2762
2.5318
3.2503
3.6096
3.7047
4.2761
3.4768
3.3252
4.8197
4.1648
4.9892
5.1211
4.2787
3.7233
4.6762
3.9534
4.1858
3.2618
2.6368
3.8533
4.1452
3.9114
2.9016
4.2929
4.8032
4.6429
4.2248
3.8508
4.2037
3.6138
4.2164
3.8594
3.1709
2.8297
1.8038
4.5657
2.6682
1.0775
2.8102
3.4014
3.2906
3.9276
1.0412
3.7811
4.0257
2.6111
1.1409
2.3774
2.3974
3.1367
3.8521
4.0251
4.7563
3.8432
3.1572
3.5298
1.0307
2.7708
4.132
3.5304
3.4084
3.151
3.8158
4.1298
4.0686
3.2436
3.0851
2.7571
3.3218
4.0225
4.8751
4.4746
2.4097
3.1849
4.2962
2.4019
1.9626
4.2597
4.375
2.6314
3.0913
3.9868
4.6269
4.2298
2.6695
4.0757
4.1888
2.6604
2.9046
3.127
4.4583
1.4285
4.0963
2.7277
4.5284
4.0301
4.7941
3.8808
4.6948
4.1311
4.0301
3.913
1.2505
3.7339
2.8175
2.8445
4.4806
3.47
1.7452
4.5494
3.7792
3.9013
3.6658
3.7018
3.6296
4.1278
2.4161
4.1301
4.1329
2.3787
3.2492
4.0425
4.8265
3.9563
3.3098
4.1538
3.6475
3.7976
3.1229
4.7399
4.8555
2.3423
2.5096
4.0373
3.3882
3.7802
4.8867
3.9163
2.1791
4.2783
4.5455
4.2669
3.0639
3.8274
3.5204
3.7989
4.1121
3.231
5.1184
3.6031
4.8696
4.2775
4.6946
2.1141
4.4948
2.119
4.3351
4.3928
3.8522
4.4389
5.0461
2.1243
4.1141
4.3539
3.0945
4.0224
3.2195
3.4129
2.769
3.4101
4.9117
2.0919
4.0808
2.86
3.797
4.3288
3.6951
3.5217
4.1118
3.7577
4.064
3.9306
1.5754
1.5438
2.4667
4.5149
3.183
3.9356
3.7398
2.7408
2.2487
3.3803
3.7737
4.6494
3.5302
3.422
4.0896
4.8265
4.5114
4.9581
4.2417
3.64
4.1883
3.3339
4.7572
1.2657
3.6277
4.4362
3.8698
2.8592
3.9742
4.6137
4.1377
4.5027
2.6806
3.4222
4.8027
3.1133
4.2966
4.197
4.0577
3.6902
4.8003
3.9238
3.7762
4.4128
2.9486
3.1191
4.1788
3.2317
0.66945
1.1666
2.6059
3.2126
4.2556
1.3902
3.6195
4.3412
1.9088
2.9276
4.0709
4.7931
3.0182
2.7013
3.803
4.4245
4.1007
3.0677
3.5849
2.0561
4.5155
3.5593
4.4993
2.6969
3.543
3.8242
4.1991
4.9517
3.8903
1.551
3.9438
4.8581
3.7374
4.5821
3.992
4.2644
4.5037
3.8972
3.8664
4.2754
3.6443
4.0107
3.9679
2.1266
2.9932
4.1087
3.8272
4.5603
3.4721
4.9493
3.7736
3.1671
4.0921
3.8353
3.3208
4.0117
3.8688
3.5597
3.5439
3.9211
4.2335
1.4104
3.5518
2.1533
4.0599
3.8255
4.24
3.1411
3.9872
3.1676
4.535
4.6352
3.8743
4.1309
4.7892
3.5587
1.5858
4.4346
4.1078
3.76
4.1513
3.5017
3.0536
4.1278
4.5553
3.3579
3.8903
4.7956
1.8262
2.7713
2.7122
3.2645
4.2901
3.5435
2.7968
4.2461
3.1937
1.4952
3.001
2.622
3.2855
3.9048
2.0434
4.2681
4.1664
3.6309
4.2391
1.2833
2.1296
2.1168
4.6989
3.1044
4.1279
1.723
3.7906
3.6381
3.3369
2.3063
4.0514
3.9023
2.907
3.393
3.9104
2.0568
4.2259
1.068
4.5541
3.8256
4.1493
3.7865
4.6362
4.8045
3.1401
2.5857
3.2792
3.2966
3.6897
4.2235
4.4044
3.8188
1.4501
3.1926
4.0449
4.9402
3.6867
4.4773
3.2869
3.9024
3.0876
5.1727
2.8557
3.6704
4.2654
3.6814
4.1946
4.652
3.8888
4.2803
3.6791
2.9922
3.9558
3.0665
4.3077
3.9565
3.5677
4.0896
4.3873
3.7381
4.2896
4.8882
3.5396
4.0659
2.1404
3.4993
3.8904
5.068
4.2872
4.1512
1.8056
2.4761
3.5784
4.6905
3.3386
3.0309
4.8441
4.1812
2.922
4.155
2.5852
4.8208
2.6889
4.4541
5.0937
4.4312
2.5287
4.2977
2.9616
3.6808
3.5772
4.3265
2.4138
4.6325
3.4927
3.8021
3.7201
4.1621
3.8053
3.6569
4.1398
5.0473
4.1692
2.7049
4.406
1.8097
3.6171
4.6177
4.8951
3.2734
2.8543
3.9917
3.4132
5.1217
4.5376
3.3839
4.1111
4.7334
3.8118
3.9709
2.4138
4.78
4.3468
3.8159
4.2908
4.1891
4.7182
4.0179
1.1501
1.8036
3.3806
3.7448
4.509
4.3364
4.724
4.3558
2.9137
3.5553
2.5441
4.1248
4.3793
3.8466
2.1232
2.9514
3.7329
4.3963
4.184
3.3099
3.7321
3.5998
3.7558
3.7276
4.3588
4.4244
3.1885
4.3877
2.6392
4.1761
2.9712
3.6132
3.7521
3.9986
4.1356
5.0113
3.659
3.8869
3.9274
4.4292
1.2436
3.4931
4.3174
3.6164
3.9699
3.6121
3.4264
3.6084
4.3816
3.3296
4.3165
3.7286
4.6365
4.3918
4.9138
3.094
3.9483
3.5775
3.193
4.4494
3.801
3.736
2.5151
2.5407
2.7734
1.6828
4.267
4.6413
2.2333
1.7827
4.7978
2.9485
3.7502
3.7979
3.4817
2.9585
2.2836
4.4815
2.9068
2.3516
4.0847
3.5514
1.9535
4.3723
3.0665
4.6927
4.1757
3.8286
4.8605
3.2578
2.6856
3.8132
2.8975
4.1834
3.8008
3.904
4.0281
4.1145
2.3947
2.6441
2.6643
4.0748
3.9595
4.589
3.3103
3.237
3.3196
3.8361
4.7596
4.3759
3.0003
3.4248
3.8524
2.9468
3.3166
4.7567
4.578
4.4507
4.6186
2.4851
4.2226
4.0346
4.2231
1.179
4.9031
4.512
4.907
2.2104
3.4371
3.2567
4.6153
4.8764
3.778
4.5576
4.1596
1.5299
4.0621
4.2347
4.3671
3.2093
3.5303
3.3318
1.1926
3.4751
2.9628
4.6606
4.5775
1.385
3.5378
4.668
3.0153
3.2358
3.912
4.2199
2.5532
3.0231
2.1585
4.4571
4.0309
2.2101
4.2653
4.6406
1.303
2.3283
3.7364
3.2147
3.125
2.6248
2.5639
3.761
4.3061
4.3479
4.7128
4.0603
4.9748
2.2704
4.7669
3.8769
3.2016
4.0186
4.1601
3.3699
4.897
4.078
3.7309
4.0735
3.8851
4.7019
4.71
3.7822
3.3038
3.1108
4.6162
2.6465
3.3871
4.2955
4.2405
3.2489
3.9447
3.8927
4.1398
3.7332
1.6908
4.3511
2.7584
4.0678
4.4919
3.5241
3.9049
4.4926
1.2842
3.7512
3.854
3.9016
4.2285
4.8761
2.7655
4.2492
4.2075
3.2864
2.3919
2.4963
3.4792
3.945
2.6584
3.5547
4.5215
2.8193
2.7015
3.4596
3.9613
4.9044
2.1435
3.9234
4.7056
3.2723
2.1793
1.6896
2.4183
2.7998
4.5605
4.2988
4.5074
4.2204
4.1976
3.931
3.3708
4.8152
4.5411
5.1407
4.4083
4.467
4.2665
3.2387
4.7263
2.3967
4.2155
3.5532
4.25
4.3676
3.7921
1.188
3.0555
3.8629
3.5024
3.4266
3.8056
3.5058
3.0588
4.0526
3.392
4.574
3.3939
4.6181
4.963
4.0428
2.0889
4.9902
4.18
4.5162
4.0472
4.048
3.8627
4.6785
4.9679
2.6465
4.5403
3.6769
4.0493
2.5488
2.9178
4.0171
4.3686
4.3513
3.3
1.7321
4.1734
3.5912
4.067
4.2976
4.5809
3.5188
3.5639
4.8873
3.4842
4.4316
3.0418
2.3828
3.7452
4.7137
4.7494
3.3941
4.4141
4.4964
3.7185
2.8574
2.8318
3.8191
3.0246
4.3246
4.3709
4.3438
4.2641
3.8522
4.4538
3.057
4.3129
2.8265
0.29347
4.301
2.1479
4.1883
3.9048
4.8041
3.0898
2.1555
3.1672
3.6187
2.0307
1.0372
3.9617
1.8953
4.0097
3.9682
3.9582
3.0058
4.4614
2.3459
4.5543
3.2881
3.4152
4.0036
3.6101
4.0729
5.064
3.8502
2.4077
3.7763
4.388
4.0757
4.0884
3.3948
4.3631
3.5012
3.4724
4.035
1.6628
2.435
4.7102
3.8665
4.3352
4.0938
3.1484
3.4675
4.5908
2.9909
3.7808
4.6788
3.3765
5.0309
3.4935
4.4544
1.2353
3.6834
3.8617
2.9266
4.1721
2.7981
4.5958
4.1822
4.4688
4.1023
3.0726
1.9031
3.5977
4.3407
5.0234
4.8212
1.2331
3.8811
0.94109
3.6366
5.5192
4.0985
3.4706
1.5246
4.5237
4.6789
2.713
1.3381
3.7167
3.9126
2.7874
4.254
3.9357
2.891
2.5628
2.5365
2.2923
4.2342
5.1913
4.1871
4.1317
4.4006
2.7118
2.4919
3.1067
3.9434
3.6907
2.9045
4.4759
3.0783
3.3621
3.8265
3.9868
3.5606
3.9002
4.0979
4.2393
3.8957
3.6365
3.9993
3.865
3.803
2.3666
4.2337
4.2975
3.3729
4.756
3.7552
3.8189
4.1794
4.2199
5.012
3.3912
3.9961
4.9499
1.0469
3.8188
3.7612
3.4046
3.6285
2.5879
3.4622
4.2607
4.5711
4.4755
4.2972
4.854
4.0349
2.7242
3.5361
4.4798
4.0536
3.939
1.33
5.0303
4.3152
4.1936
4.5294
2.3386
1.1101
3.8753
4.2408
3.3957
4.2127
4.6699
3.1229
4.0547
4.444
4.0805
4.5596
3.5707
4.0145
3.6201
3.6541
4.7347
1.3013
3.1324
3.5875
2.6607
4.2012
4.7459
3.2315
3.7388
3.8092
3.7397
2.9127
4.2433
5.0783
3.4498
2.4931
2.9914
4.2515
3.9133
4.6072
4.7092
5.203
3.6517
2.4609
3.7714
3.273
3.9573
4.47
3.4506
3.0372
3.917
4.4635
2.3667
3.4273
3.1789
4.8127
3.5484
2.4489
3.9596
1.1046
3.0462
3.9188
2.7512
3.5609
5.0276
2.8974
2.8506
4.2259
1.2262
3.6691
3.4806
1.0598
3.9538
4.4757
3.1365
3.2077
4.4987
4.2728
3.7821
3.4832
4.5758
4.277
3.8935
3.1838
4.1755
2.6041
3.5866
4.9497
2.939
1.8446
4.0233
2.7867
2.5413
1.8689
4.1712
4.3186
3.405
4.7978
4.1328
1.8894
4.3933
3.1126
3.0283
3.0474
4.0196
3.353
4.7092
3.718
3.5877
4.1405
3.8464
3.8058
3.0242
3.6813
4.1586
2.1433
4.0899
3.1417
3.4695
1.8852
4.1192
4.1403
3.5709
4.6468
1.0129
4.0317
4.5313
1.8066
4.0389
4.7856
4.7568
2.8529
4.6689
4.1969
3.9353
3.8114
3.5765
3.2035
4.1416
3.3999
3.9365
3.0016
4.1156
4.3756
4.7848
2.2327
2.3143
3.3094
3.8932
1.7861
3.9784
4.9281
2.3971
3.19
2.8097
4.3982
4.228
5.0634
1.5364
3.108
4.8705
3.2567
3.8415
4.0493
3.6896
2.8176
5.1664
2.9995
4.1763
3.3698
1.818
4.7699
3.5952
3.2612
2.5083
3.0936
2.2276
3.1383
3.8707
1.7224
4.0547
1.4676
4.3782
3.9982
3.442
3.8048
3.3891
4.0865
1.214
3.4694
3.8957
2.3413
4.7366
4.1513
4.1175
4.6487
4.6504
3.5246
2.5239
3.8675
2.5042
4.3003
3.3247
3.8447
4.4904
2.0211
4.3459
4.1457
4.5863
4.7896
4.9736
3.7333
3.5464
4.4751
3.8754
4.3732
3.9783
2.0692
4.6406
3.9367
4.8728
3.9429
3.5833
4.5381
4.6454
4.867
2.3132
3.829
4.0724
4.6008
3.8166
3.0941
3.79
3.5233
1.0785
3.6357
4.4587
0.80017
2.5758
0.7872
1.9021
3.3606
3.292
3.5877
4.7543
4.4983
2.2394
4.2205
3.6869
1.6197
3.6991
4.5384
3.2894
3.9945
3.8532
4.2527
4.6108
4.5968
2.7255
2.3641
1.2642
3.4463
4.4358
1.9958
3.9534
4.2332
3.9334
3.2789
4.2873
3.5636
3.984
4.0135
4.5573
5.0018
4.7137
3.7654
2.1997
4.0732
4.1577
3.3693
4.6687
3.8985
3.6462
3.6206
3.7185
4.3138
4.5029
3.9004
2.5804
3.46
3.8562
2.6965
4.0663
4.3634
3.7532
3.9413
4.3639
4.2021
4.767
4.0849
2.5062
4.4539
3.413
4.8857
3.6564
1.4688
2.3993
3.199
3.1842
3.8871
4.0952
3.2905
3.9165
4.3245
4.2852
3.3725
0.84307
3.1757
4.4227
4.4338
4.0323
4.2297
4.0929
3.5908
3.5698
4.832
4.1579
4.882
3.043
3.8073
3.6868
4.0832
4.5207
4.3013
4.5698
3.1702
2.7725
3.6172
3.1104
2.6023
3.4511
3.1784
4.4156
4.2894
3.3317
2.3408
2.8181
4.778
4.0496
4.007
4.0251
3.154
4.7036
2.6876
3.548
3.9785
3.9562
4.8141
4.7786
4.4957
3.3471
3.1238
3.8262
2.4482
4.3963
1.0405
2.6197
4.7187
4.4761
2.413
2.3327
3.9974
4.0673
4.3702
2.013
1.6291
3.3521
4.4738
5.1986
4.4936
2.1336
4.8522
2.0065
4.0453
3.6959
4.0673
3.5977
3.5797
3.0979
4.2311
3.9039
3.6087
3.7338
3.1302
2.3716
1.7253
4.0619
3.6741
4.1893
2.9068
3.5409
0.26196
1.8761
3.737
4.8071
2.9653
3.1808
3.891
2.8616
2.9593
4.7303
2.4036
4.5654
2.9078
5.0188
1.408
4.9451
1.4029
2.3311
4.1426
4.0164
2.5448
4.8781
4.3615
4.5524
3.9768
4.5255
3.6746
4.2819
3.8229
4.0212
4.0605
4.7406
4.588
4.7341
5.1046
2.7306
4.1221
4.2635
2.6606
3.9157
3.759
4.1861
2.8409
2.3182
-0.17718
3.8316
5.1433
3.0692
4.0256
4.6206
2.9908
3.9022
1.7193
2.3468
1.6836
2.6745
4.9443
2.5763
3.7984
3.5159
3.79
4.9232
4.903
2.1327
5.3742
4.8461
2.7524
3.8766
3.6701
3.8318
3.6812
4.4992
2.8943
4.0545
4.7079
3.8226
3.3715
3.8916
3.2348
2.9246
4.2262
3.6772
3.7326
3.7078
1.9173
3.5958
1.8651
3.7248
4.6233
3.5123
3.2414
3.8538
3.7194
3.7557
4.5357
2.6115
4.8764
3.6049
3.9387
4.6406
4.1079
4.7347
1.5033
3.6279
3.5043
4.1935
4.1346
3.1143
4.2569
3.8058
3.7138
4.4891
4.0314
3.9199
4.3321
4.0217
4.1728
3.5338
2.9455
3.4269
2.9412
3.5699
4.3355
3.1595
4.1651
1.6561
3.9547
3.5753
3.8902
3.6252
3.9706
3.1107
4.6165
4.194
2.4494
4.0444
4.3416
3.8363
3.9763
4.2136
4.9183
2.5341
4.1321
2.1529
3.5599
3.5193
4.4789
4.6079
3.6106
3.0413
3.7106
4.4703
3.7989
4.6511
3.8381
3.8665
3.861
3.9077
4.336
3.3915
4.0818
4.137
4.0458
2.6649
2.7636
4.3002
3.5669
3.2804
3.8856
2.9769
2.9786
4.2526
4.1298
4.0574
4.4051
3.4038
2.1958
4.9942
4.7345
3.7045
3.8918
3.5651
2.5283
4.0457
4.9395
4.374
1.6756
4.0617
3.8592
4.7869
4.3725
3.042
4.7887
3.5313
3.0436
4.5403
2.6424
4.1531
3.9162
4.4342
3.9747
4.7674
2.7463
2.4039
3.7118
4.9763
1.6965
4.9034
2.766
3.7321
4.5689
3.8707
4.4392
3.6774
3.3472
5.1891
3.8735
4.5526
1.0417
3.5576
3.5925
4.1859
4.2298
4.547
2.645
3.4854
4.5182
4.5963
1.6273
4.3646
3.5201
3.9465
3.54
4.3745
2.6403
4.3391
4.2176
2.6193
4.998
3.8937
5.0354
4.1024
4.3735
4.6977
3.2766
3.2697
3.9016
4.057
3.6122
4.1191
4.7649
4.4866
3.3165
5.359
3.6841
4.2822
1.2112
4.7317
3.5846
5.0564
4.5572
3.6132
3.4784
2.0078
4.1703
3.8242
4.4925
1.943
4.16
4.7217
3.3372
4.192
3.6143
4.1158
3.2882
2.8157
4.0496
2.7961
4.4008
3.9509
4.461
4.0097
4.6354
4.3853
4.6984
3.5119
3.2021
0.88464
4.0491
3.5786
4.6921
3.2794
3.2545
1.5629
3.279
4.1018
2.0997
3.1392
3.3632
3.9494
3.2663
3.5758
4.7749
4.5394
4.661
4.373
3.9697
3.9628
3.6059
4.4684
4.1215
3.8936
5.0461
4.5336
3.9877
4.4022
4.85
4.1364
2.568
3.849
3.0449
4.0706
3.9706
3.3853
3.2175
4.9655
3.6059
4.7575
4.131
2.46
3.1342
2.4391
3.9014
4.1974
4.3546
3.4659
4.5809
3.5601
4.196
1.6789
3.2365
4.0127
2.3246
3.4143
4.4157
3.0661
4.0914
2.8588
5.2426
4.0905
4.3
4.6935
2.8745
2.9234
3.2208
3.0685
4.1871
4.4677
2.527
2.6619
4.0453
1.2813
3.4018
4.4264
3.0639
4.5445
3.8304
3.4048
4.0748
3.5657
4.2924
2.6688
3.1855
4.8187
2.6937
3.9231
2.6763
4.0621
3.2668
4.4346
4.5412
4.4798
4.4778
3.0521
3.7184
4.755
4.5016
4.268
2.071
3.6561
3.6099
3.5693
3.4329
4.7619
3.3309
2.3324
4.6279
3.7882
4.6553
4.5045
3.3989
4.3949
2.2627
3.2081
2.916
3.2267
4.116
3.2216
3.9987
2.7719
4.4992
2.4423
3.2422
4.0873
3.4422
4.2263
2.5506
3.7145
4.6308
4.629
4.7299
4.0387
3.0254
3.8034
4.7966
2.8501
2.8827
4.8817
4.8772
4.7495
2.8758
4.1525
4.2035
3.4051
2.999
3.4204
3.9982
3.4543
4.1924
2.7543
4.0732
2.3237
3.6305
1.4643
3.6614
2.06
4.3138
1.5642
4.7406
4.6626
4.2115
4.918
3.4026
4.0025
3.7247
1.1638
3.8386
3.4726
3.4995
2.5581
4.1359
3.3357
2.5776
4.088
4.6762
3.2126
3.9882
4.0053
3.2005
3.1401
3.7996
4.6195
3.3265
4.0975
4.634
4.2865
3.8746
3.8143
3.0994
2.7847
3.8842
3.3884
3.1156
4.4367
3.9342
4.3447
3.3944
4.4728
3.5744
1.9911
4.4055
4.0404
4.897
4.9839
2.6065
2.8163
4.3212
4.5376
3.6343
4.8395
3.9344
3.7364
3.8753
3.1597
1.6375
3.2606
1.8863
4.3599
2.8778
4.8236
4.2906
3.9714
4.0234
3.646
4.2687
4.1499
4.3939
2.7912
4.6987
4.5681
4.4755
4.9021
2.6718
3.4436
4.269
4.3046
2.5399
3.9529
2.9458
4.0585
4.2835
4.5956
3.905
4.1106
4.076
4.0153
0.52117
3.1457
1.986
1.9571
4.7598
4.3274
4.6802
3.9857
1.2915
1.6143
4.0846
5.0161
2.2985
3.7985
4.5884
3.4627
3.6337
3.3548
4.6718
4.4101
2.8919
4.0325
4.3618
5.0977
4.0121
2.4686
3.8129
3.0993
4.9528
3.002
3.614
4.7452
1.5285
2.4528
4.3389
4.171
4.2564
3.8969
4.6176
3.8573
1.0218
4.0247
2.4479
0.65068
4.252
3.77
3.7762
2.7685
3.5514
1.6947
2.0272
3.8878
3.5555
2.7742
4.3932
2.8939
3.947
4.711
3.2587
3.6221
4.5526
